function remainingenergy = remainingenergy(x)
%The input must be the voltage in mV, and it will return the remaining
%energy (in Joules) of the battery. 

x = x/1000;

%the values below were extracted from an excel file with the experimental 
%relation of battery percentage in function of output voltage, filtred with moving
%average,and are the base to the minimum squares method to create a polynomial
%that converts the voltage output into battery's percentage of energy.
valoresx=[8.20500000000000;8.10906250000000;8.10425000000000;8.10506250000000;8.10581250000000;8.10400000000000;8.10218750000000;8.10037500000000;8.09437500000000;8.09100000000000;8.09443750000000;8.09875000000000;8.10225000000000;8.10143750000000;8.09462500000000;8.08781250000000;8.08437500000000;8.08262500000000;8.08000000000000;8.07562500000000;8.07212500000000;8.07300000000000;8.07562500000000;8.07650000000000;8.07562500000000;8.07387500000000;8.07212500000000;8.07037500000000;8.06775000000000;8.06337500000000;8.05900000000000;8.05637500000000;8.05637500000000;8.05812500000000;8.05900000000000;8.05900000000000;8.05725000000000;8.05112500000000;8.04412500000000;8.04150000000000;8.03975000000000;8.03800000000000;8.03975000000000;8.03975000000000;8.03625000000000;8.03450000000000;8.03450000000000;8.03362500000000;8.03275000000000;8.03275000000000;8.03012500000000;8.02662500000000;8.02662500000000;8.02750000000000;8.02925000000000;8.03187500000000;8.03018750000000;8.02506250000000;8.01906250000000;8.01306250000000;8.01131250000000;8.01293750000000;8.01543750000000;8.01881250000000;8.02050000000000;8.02050000000000;8.02050000000000;8.02137500000000;8.02143750000000;8.01812500000000;8.01393750000000;8.00793750000000;8.00018750000000;7.99500000000000;7.99068750000000;7.98906250000000;7.99175000000000;7.99525000000000;7.99700000000000;7.99437500000000;7.99087500000000;7.98737500000000;7.98300000000000;7.98125000000000;7.97950000000000;7.97687500000000;7.97600000000000;7.97600000000000;7.97600000000000;7.97775000000000;7.97950000000000;7.97600000000000;7.97162500000000;7.97075000000000;7.96900000000000;7.96637500000000;7.96375000000000;7.96025000000000;7.95937500000000;7.96200000000000;7.96462500000000;7.96637500000000;7.96900000000000;7.97162500000000;7.97075000000000;7.96462500000000;7.95762500000000;7.95412500000000;7.95412500000000;7.95762500000000;7.95937500000000;7.95587500000000;7.95237500000000;7.95062500000000;7.94718750000000;7.94468750000000;7.94475000000000;7.94300000000000;7.94293750000000;7.94375000000000;7.94031250000000;7.93775000000000;7.93518750000000;7.93006250000000;7.92581250000000;7.92156250000000;7.91981250000000;7.92312500000000;7.92812500000000;7.92975000000000;7.92550000000000;7.92131250000000;7.91968750000000;7.91981250000000;7.92331250000000;7.92668750000000;7.92662500000000;7.92487500000000;7.92318750000000;7.92156250000000;7.92162500000000;7.92418750000000;7.92668750000000;7.92581250000000;7.92243750000000;7.91906250000000;7.91481250000000;7.91050000000000;7.90700000000000;7.90437500000000;7.90350000000000;7.90437500000000;7.90525000000000;7.90350000000000;7.90000000000000;7.89562500000000;7.89037500000000;7.88687500000000;7.88600000000000;7.88862500000000;7.89300000000000;7.89387500000000;7.89037500000000;7.88162500000000;7.87112500000000;7.86412500000000;7.86237500000000;7.86762500000000;7.87462500000000;7.87900000000000;7.88075000000000;7.87725000000000;7.86937500000000;7.86062500000000;7.85362500000000;7.85012500000000;7.85012500000000;7.85362500000000;7.85368750000000;7.84600000000000;7.83918750000000;7.83925000000000;7.84443750000000;7.85043750000000;7.85131250000000;7.84531250000000;7.83925000000000;7.83662500000000;7.83487500000000;7.83312500000000;7.83050000000000;7.82956250000000;7.83206250000000;7.83206250000000;7.82868750000000;7.82700000000000;7.82781250000000;7.83112500000000;7.83531250000000;7.83618750000000;7.83456250000000;7.83206250000000;7.82868750000000;7.82612500000000;7.82437500000000;7.82350000000000;7.82181250000000;7.81668750000000;7.81068750000000;7.80818750000000;7.80912500000000;7.81000000000000;7.81000000000000;7.80737500000000;7.80125000000000;7.79862500000000;7.79862500000000;7.79512500000000;7.79250000000000;7.78987500000000;7.78462500000000;7.78375000000000;7.78550000000000;7.78550000000000;7.78900000000000;7.79250000000000;7.79075000000000;7.78987500000000;7.78900000000000;7.78550000000000;7.78462500000000;7.78375000000000;7.78025000000000;7.77587500000000;7.76975000000000;7.76450000000000;7.76275000000000;7.76450000000000;7.76800000000000;7.77062500000000;7.77150000000000;7.77150000000000;7.76981250000000;7.76643750000000;7.76218750000000;7.75450000000000;7.74593750000000;7.73906250000000;7.73387500000000;7.73381250000000;7.73725000000000;7.74075000000000;7.74256250000000;7.74181250000000;7.74012500000000;7.73837500000000;7.73831250000000;7.73818750000000;7.73550000000000;7.73456250000000;7.73450000000000;7.73018750000000;7.72500000000000;7.72156250000000;7.71818750000000;7.71650000000000;7.71562500000000;7.71212500000000;7.70687500000000;7.70512500000000;7.70600000000000;7.70512500000000;7.70425000000000;7.70250000000000;7.69900000000000;7.69550000000000;7.69375000000000;7.69287500000000;7.69200000000000;7.69287500000000;7.69112500000000;7.68850000000000;7.68762500000000;7.68237500000000;7.67537500000000;7.67187500000000;7.67100000000000;7.67100000000000;7.67275000000000;7.67537500000000;7.67625000000000;7.67800000000000;7.67887500000000;7.67537500000000;7.67018750000000;7.66506250000000;7.66075000000000;7.65812500000000;7.65637500000000;7.65462500000000;7.65375000000000;7.65118750000000;7.64862500000000;7.64950000000000;7.64868750000000;7.64868750000000;7.65037500000000;7.64956250000000;7.64962500000000;7.64793750000000;7.64193750000000;7.63843750000000;7.63750000000000;7.63406250000000;7.63062500000000;7.62806250000000;7.62293750000000;7.61687500000000;7.61425000000000;7.61425000000000;7.61337500000000;7.61512500000000;7.61950000000000;7.61775000000000;7.61162500000000;7.60550000000000;7.59675000000000;7.58975000000000;7.58887500000000;7.59325000000000;7.59937500000000;7.60375000000000;7.60462500000000;7.60025000000000;7.59587500000000;7.59412500000000;7.59237500000000;7.59062500000000;7.58712500000000;7.58187500000000;7.57925000000000;7.57843750000000;7.57512500000000;7.57012500000000;7.56425000000000;7.55918750000000;7.55575000000000;7.55312500000000;7.55312500000000;7.55312500000000;7.55393750000000;7.55556250000000;7.55025000000000;7.54237500000000;7.53718750000000;7.53206250000000;7.53037500000000;7.53125000000000;7.53037500000000;7.52950000000000;7.52862500000000;7.52687500000000;7.52425000000000;7.52075000000000;7.51900000000000;7.51637500000000;7.51025000000000;7.50587500000000;7.50237500000000;7.49625000000000;7.49275000000000;7.49275000000000;7.49106250000000;7.49118750000000;7.49387500000000;7.49212500000000;7.48775000000000;7.48168750000000;7.47393750000000;7.46962500000000;7.46787500000000;7.46700000000000;7.46531250000000;7.46112500000000;7.45781250000000;7.45700000000000;7.45612500000000;7.45262500000000;7.44825000000000;7.44387500000000;7.43775000000000;7.43337500000000;7.43162500000000;7.43250000000000;7.43775000000000;7.43950000000000;7.43425000000000;7.42725000000000;7.42025000000000;7.41762500000000;7.41850000000000;7.41587500000000;7.41237500000000;7.40887500000000;7.40362500000000;7.40012500000000;7.39662500000000;7.39312500000000;7.39312500000000;7.39312500000000;7.38881250000000;7.38193750000000;7.37675000000000;7.37068750000000;7.36293750000000;7.35781250000000;7.35275000000000;7.34856250000000;7.34950000000000;7.34950000000000;7.34337500000000;7.33812500000000;7.33550000000000;7.33287500000000;7.33287500000000;7.32937500000000;7.32150000000000;7.31625000000000;7.31187500000000;7.30581250000000;7.29725000000000;7.28868750000000;7.28356250000000;7.28106250000000;7.27937500000000;7.27418750000000;7.26381250000000;7.25512500000000;7.24900000000000;7.24200000000000;7.23850000000000;7.23500000000000;